R.vdc.u1.tdc.offsets=
   0.0    0.0    0.0    0.0    0.0    0.0    0.0    0.0 
   0.0    0.0    0.0    0.0    0.0    0.0    0.0    0.0 
2516.3 2516.3 2516.3 2516.3 2516.3 2516.3 2516.3 2516.3 
2516.3 2516.3 2516.3 2516.3 2516.3 2516.3 2516.3 2516.3 
2521.6 2521.6 2521.6 2521.6 2521.6 2521.6 2521.6 2521.6 
2521.6 2521.6 2521.6 2521.6 2521.6 2521.6 2521.6 2521.6 
2521.6 2521.6 2521.6 2521.6 2521.6 2521.6 2521.6 2521.6 
2521.6 2521.6 2521.6 2521.6 2521.6 2521.6 2521.6 2521.6 
2521.6 2521.6 2521.6 2521.6 2521.6 2521.6 2521.6 2521.6 
2521.6 2521.6 2521.6 2521.6 2521.6 2521.6 2521.6 2521.6 
2515.0 2515.0 2515.0 2515.0 2515.0 2515.0 2515.0 2515.0 
2515.0 2515.0 2515.0 2515.0 2515.0 2515.0 2515.0 2515.0 
2520.1 2520.1 2520.1 2520.1 2520.1 2520.1 2520.1 2520.1 
2520.1 2520.1 2520.1 2520.1 2520.1 2520.1 2520.1 2520.1 
2522.0 2522.0 2522.0 2522.0 2522.0 2522.0 2522.0 2522.0 
2522.0 2522.0 2522.0 2522.0 2522.0 2522.0 2522.0 2522.0 
2524.5 2524.5 2524.5 2524.5 2524.5 2524.5 2524.5 2524.5 
2524.5 2524.5 2524.5 2524.5 2524.5 2524.5 2524.5 2524.5 
2521.9 2521.9 2521.9 2521.9 2521.9 2521.9 2521.9 2521.9 
2521.9 2521.9 2521.9 2521.9 2521.9 2521.9 2521.9 2521.9 
2523.3 2523.3 2523.3 2523.3 2523.3 2523.3 2523.3 2523.3 
2523.3 2523.3 2523.3 2523.3 2523.3 2523.3 2523.3 2523.3 
2523.5 2523.5 2523.5 2523.5 2523.5 2523.5 2523.5 2523.5 
2523.5 2523.5 2523.5 2523.5 2523.5 2523.5 2523.5 2523.5 
2526.4 2526.4 2526.4 2526.4 2526.4 2526.4 2526.4 2526.4 
2526.4 2526.4 2526.4 2526.4 2526.4 2526.4 2526.4 2526.4 
2525.0 2525.0 2525.0 2525.0 2525.0 2525.0 2525.0 2525.0 
2525.0 2525.0 2525.0 2525.0 2525.0 2525.0 2525.0 2525.0 
2524.0 2524.0 2524.0 2524.0 2524.0 2524.0 2524.0 2524.0 
2524.0 2524.0 2524.0 2524.0 2524.0 2524.0 2524.0 2524.0 
2525.4 2525.4 2525.4 2525.4 2525.4 2525.4 2525.4 2525.4 
2525.4 2525.4 2525.4 2525.4 2525.4 2525.4 2525.4 2525.4 
2526.0 2526.0 2526.0 2526.0 2526.0 2526.0 2526.0 2526.0 
2526.0 2526.0 2526.0 2526.0 2526.0 2526.0 2526.0 2526.0 
2525.0 2525.0 2525.0 2525.0 2525.0 2525.0 2525.0 2525.0 
2525.0 2525.0 2525.0 2525.0 2525.0 2525.0 2525.0 2525.0 
2529.4 2529.4 2529.4 2529.4 2529.4 2529.4 2529.4 2529.4 
2529.4 2529.4 2529.4 2529.4 2529.4 2529.4 2529.4 2529.4 
2528.8 2528.8 2528.8 2528.8 2528.8 2528.8 2528.8 2528.8 
2528.8 2528.8 2528.8 2528.8 2528.8 2528.8 2528.8 2528.8 
2531.9 2531.9 2531.9 2531.9 2531.9 2531.9 2531.9 2531.9 
2531.9 2531.9 2531.9 2531.9 2531.9 2531.9 2531.9 2531.9 
   0.0    0.0    0.0    0.0    0.0    0.0    0.0    0.0 
   0.0    0.0    0.0    0.0    0.0    0.0    0.0    0.0 
   0.0    0.0    0.0    0.0    0.0    0.0    0.0    0.0 
   0.0    0.0    0.0    0.0    0.0    0.0    0.0    0.0 

R.vdc.v1.tdc.offsets=
   0.0    0.0    0.0    0.0    0.0    0.0    0.0    0.0 
   0.0    0.0    0.0    0.0    0.0    0.0    0.0    0.0 
2529.2 2529.2 2529.2 2529.2 2529.2 2529.2 2529.2 2529.2 
2529.2 2529.2 2529.2 2529.2 2529.2 2529.2 2529.2 2529.2 
2526.9 2526.9 2526.9 2526.9 2526.9 2526.9 2526.9 2526.9 
2526.9 2526.9 2526.9 2526.9 2526.9 2526.9 2526.9 2526.9 
2526.2 2526.2 2526.2 2526.2 2526.2 2526.2 2526.2 2526.2 
2526.2 2526.2 2526.2 2526.2 2526.2 2526.2 2526.2 2526.2 
2525.0 2525.0 2525.0 2525.0 2525.0 2525.0 2525.0 2525.0 
2525.0 2525.0 2525.0 2525.0 2525.0 2525.0 2525.0 2525.0 
2524.0 2524.0 2524.0 2524.0 2524.0 2524.0 2524.0 2524.0 
2524.0 2524.0 2524.0 2524.0 2524.0 2524.0 2524.0 2524.0 
2525.8 2525.8 2525.8 2525.8 2525.8 2525.8 2525.8 2525.8 
2525.8 2525.8 2525.8 2525.8 2525.8 2525.8 2525.8 2525.8 
2526.5 2526.5 2526.5 2526.5 2526.5 2526.5 2526.5 2526.5 
2526.5 2526.5 2526.5 2526.5 2526.5 2526.5 2526.5 2526.5 
2526.5 2526.5 2526.5 2526.5 2526.5 2526.5 2526.5 2526.5 
2526.5 2526.5 2526.5 2526.5 2526.5 2526.5 2526.5 2526.5 
2525.5 2525.5 2525.5 2525.5 2525.5 2525.5 2525.5 2525.5 
2525.5 2525.5 2525.5 2525.5 2525.5 2525.5 2525.5 2525.5 
2527.8 2527.8 2527.8 2527.8 2527.8 2527.8 2527.8 2527.8 
2527.8 2527.8 2527.8 2527.8 2527.8 2527.8 2527.8 2527.8 
2525.9 2525.9 2525.9 2525.9 2525.9 2525.9 2525.9 2525.9 
2525.9 2525.9 2525.9 2525.9 2525.9 2525.9 2525.9 2525.9 
2529.1 2529.1 2529.1 2529.1 2529.1 2529.1 2529.1 2529.1 
2529.1 2529.1 2529.1 2529.1 2529.1 2529.1 2529.1 2529.1 
2527.2 2527.2 2527.2 2527.2 2527.2 2527.2 2527.2 2527.2 
2527.2 2527.2 2527.2 2527.2 2527.2 2527.2 2527.2 2527.2 
2528.9 2528.9 2528.9 2528.9 2528.9 2528.9 2528.9 2528.9 
2528.9 2528.9 2528.9 2528.9 2528.9 2528.9 2528.9 2528.9 
2527.2 2527.2 2527.2 2527.2 2527.2 2527.2 2527.2 2527.2 
2527.2 2527.2 2527.2 2527.2 2527.2 2527.2 2527.2 2527.2 
2527.6 2527.6 2527.6 2527.6 2527.6 2527.6 2527.6 2527.6 
2527.6 2527.6 2527.6 2527.6 2527.6 2527.6 2527.6 2527.6 
2524.7 2524.7 2524.7 2524.7 2524.7 2524.7 2524.7 2524.7 
2524.7 2524.7 2524.7 2524.7 2524.7 2524.7 2524.7 2524.7 
2533.2 2533.2 2533.2 2533.2 2533.2 2533.2 2533.2 2533.2 
2533.2 2533.2 2533.2 2533.2 2533.2 2533.2 2533.2 2533.2 
2529.3 2529.3 2529.3 2529.3 2529.3 2529.3 2529.3 2529.3 
2529.3 2529.3 2529.3 2529.3 2529.3 2529.3 2529.3 2529.3 
2532.1 2532.1 2532.1 2532.1 2532.1 2532.1 2532.1 2532.1 
2532.1 2532.1 2532.1 2532.1 2532.1 2532.1 2532.1 2532.1 
   0.0    0.0    0.0    0.0    0.0    0.0    0.0    0.0 
   0.0    0.0    0.0    0.0    0.0    0.0    0.0    0.0 
   0.0    0.0    0.0    0.0    0.0    0.0    0.0    0.0 
   0.0    0.0    0.0    0.0    0.0    0.0    0.0    0.0 

R.vdc.u2.tdc.offsets=
   0.0    0.0    0.0    0.0    0.0    0.0    0.0    0.0 
   0.0    0.0    0.0    0.0    0.0    0.0    0.0    0.0 
2510.8 2510.8 2510.8 2510.8 2510.8 2510.8 2510.8 2510.8 
2510.8 2510.8 2510.8 2510.8 2510.8 2510.8 2510.8 2510.8 
2509.9 2509.9 2509.9 2509.9 2509.9 2509.9 2509.9 2509.9 
2509.9 2509.9 2509.9 2509.9 2509.9 2509.9 2509.9 2509.9 
2509.0 2509.0 2509.0 2509.0 2509.0 2509.0 2509.0 2509.0 
2509.0 2509.0 2509.0 2509.0 2509.0 2509.0 2509.0 2509.0 
2507.9 2507.9 2507.9 2507.9 2507.9 2507.9 2507.9 2507.9 
2507.9 2507.9 2507.9 2507.9 2507.9 2507.9 2507.9 2507.9 
2507.9 2507.9 2507.9 2507.9 2507.9 2507.9 2507.9 2507.9 
2507.9 2507.9 2507.9 2507.9 2507.9 2507.9 2507.9 2507.9 
2513.3 2513.3 2513.3 2513.3 2513.3 2513.3 2513.3 2513.3 
2513.3 2513.3 2513.3 2513.3 2513.3 2513.3 2513.3 2513.3 
2516.4 2516.4 2516.4 2516.4 2516.4 2516.4 2516.4 2516.4 
2516.4 2516.4 2516.4 2516.4 2516.4 2516.4 2516.4 2516.4 
2515.3 2515.3 2515.3 2515.3 2515.3 2515.3 2515.3 2515.3 
2515.3 2515.3 2515.3 2515.3 2515.3 2515.3 2515.3 2515.3 
2513.6 2513.6 2513.6 2513.6 2513.6 2513.6 2513.6 2513.6 
2513.6 2513.6 2513.6 2513.6 2513.6 2513.6 2513.6 2513.6 
2513.4 2513.4 2513.4 2513.4 2513.4 2513.4 2513.4 2513.4 
2513.4 2513.4 2513.4 2513.4 2513.4 2513.4 2513.4 2513.4 
2514.5 2514.5 2514.5 2514.5 2514.5 2514.5 2514.5 2514.5 
2514.5 2514.5 2514.5 2514.5 2514.5 2514.5 2514.5 2514.5 
2515.1 2515.1 2515.1 2515.1 2515.1 2515.1 2515.1 2515.1 
2515.1 2515.1 2515.1 2515.1 2515.1 2515.1 2515.1 2515.1 
2513.9 2513.9 2513.9 2513.9 2513.9 2513.9 2513.9 2513.9 
2513.9 2513.9 2513.9 2513.9 2513.9 2513.9 2513.9 2513.9 
2518.0 2518.0 2518.0 2518.0 2518.0 2518.0 2518.0 2518.0 
2518.0 2518.0 2518.0 2518.0 2518.0 2518.0 2518.0 2518.0 
2514.4 2514.4 2514.4 2514.4 2514.4 2514.4 2514.4 2514.4 
2514.4 2514.4 2514.4 2514.4 2514.4 2514.4 2514.4 2514.4 
2520.4 2520.4 2520.4 2520.4 2520.4 2520.4 2520.4 2520.4 
2520.4 2520.4 2520.4 2520.4 2520.4 2520.4 2520.4 2520.4 
2516.5 2516.5 2516.5 2516.5 2516.5 2516.5 2516.5 2516.5 
2516.5 2516.5 2516.5 2516.5 2516.5 2516.5 2516.5 2516.5 
2521.5 2521.5 2521.5 2521.5 2521.5 2521.5 2521.5 2521.5 
2521.5 2521.5 2521.5 2521.5 2521.5 2521.5 2521.5 2521.5 
2521.6 2521.6 2521.6 2521.6 2521.6 2521.6 2521.6 2521.6 
2521.6 2521.6 2521.6 2521.6 2521.6 2521.6 2521.6 2521.6 
2523.2 2523.2 2523.2 2523.2 2523.2 2523.2 2523.2 2523.2 
2523.2 2523.2 2523.2 2523.2 2523.2 2523.2 2523.2 2523.2 
2525.3 2525.3 2525.3 2525.3 2525.3 2525.3 2525.3 2525.3 
2525.3 2525.3 2525.3 2525.3 2525.3 2525.3 2525.3 2525.3 
   0.0    0.0    0.0    0.0    0.0    0.0    0.0    0.0 
   0.0    0.0    0.0    0.0    0.0    0.0    0.0    0.0 

R.vdc.v2.tdc.offsets=
   0.0    0.0    0.0    0.0    0.0    0.0    0.0    0.0 
   0.0    0.0    0.0    0.0    0.0    0.0    0.0    0.0 
2521.7 2521.7 2521.7 2521.7 2521.7 2521.7 2521.7 2521.7 
2521.7 2521.7 2521.7 2521.7 2521.7 2521.7 2521.7 2521.7 
2523.1 2523.1 2523.1 2523.1 2523.1 2523.1 2523.1 2523.1 
2523.1 2523.1 2523.1 2523.1 2523.1 2523.1 2523.1 2523.1 
2522.7 2522.7 2522.7 2522.7 2522.7 2522.7 2522.7 2522.7 
2522.7 2522.7 2522.7 2522.7 2522.7 2522.7 2522.7 2522.7 
2522.8 2522.8 2522.8 2522.8 2522.8 2522.8 2522.8 2522.8 
2522.8 2522.8 2522.8 2522.8 2522.8 2522.8 2522.8 2522.8 
2520.6 2520.6 2520.6 2520.6 2520.6 2520.6 2520.6 2520.6 
2520.6 2520.6 2520.6 2520.6 2520.6 2520.6 2520.6 2520.6 
2524.1 2524.1 2524.1 2524.1 2524.1 2524.1 2524.1 2524.1 
2524.1 2524.1 2524.1 2524.1 2524.1 2524.1 2524.1 2524.1 
2521.0 2521.0 2521.0 2521.0 2521.0 2521.0 2521.0 2521.0 
2521.0 2521.0 2521.0 2521.0 2521.0 2521.0 2521.0 2521.0 
2521.6 2521.6 2521.6 2521.6 2521.6 2521.6 2521.6 2521.6 
2521.6 2521.6 2521.6 2521.6 2521.6 2521.6 2521.6 2521.6 
2523.2 2523.2 2523.2 2523.2 2523.2 2523.2 2523.2 2523.2 
2523.2 2523.2 2523.2 2523.2 2523.2 2523.2 2523.2 2523.2 
2521.6 2521.6 2521.6 2521.6 2521.6 2521.6 2521.6 2521.6 
2521.6 2521.6 2521.6 2521.6 2521.6 2521.6 2521.6 2521.6 
2521.6 2521.6 2521.6 2521.6 2521.6 2521.6 2521.6 2521.6 
2521.6 2521.6 2521.6 2521.6 2521.6 2521.6 2521.6 2521.6 
2525.4 2525.4 2525.4 2525.4 2525.4 2525.4 2525.4 2525.4 
2525.4 2525.4 2525.4 2525.4 2525.4 2525.4 2525.4 2525.4 
2523.4 2523.4 2523.4 2523.4 2523.4 2523.4 2523.4 2523.4 
2523.4 2523.4 2523.4 2523.4 2523.4 2523.4 2523.4 2523.4 
2525.4 2525.4 2525.4 2525.4 2525.4 2525.4 2525.4 2525.4 
2525.4 2525.4 2525.4 2525.4 2525.4 2525.4 2525.4 2525.4 
2521.4 2521.4 2521.4 2521.4 2521.4 2521.4 2521.4 2521.4 
2521.4 2521.4 2521.4 2521.4 2521.4 2521.4 2521.4 2521.4 
2521.8 2521.8 2521.8 2521.8 2521.8 2521.8 2521.8 2521.8 
2521.8 2521.8 2521.8 2521.8 2521.8 2521.8 2521.8 2521.8 
2523.6 2523.6 2523.6 2523.6 2523.6 2523.6 2523.6 2523.6 
2523.6 2523.6 2523.6 2523.6 2523.6 2523.6 2523.6 2523.6 
2528.8 2528.8 2528.8 2528.8 2528.8 2528.8 2528.8 2528.8 
2528.8 2528.8 2528.8 2528.8 2528.8 2528.8 2528.8 2528.8 
2528.4 2528.4 2528.4 2528.4 2528.4 2528.4 2528.4 2528.4 
2528.4 2528.4 2528.4 2528.4 2528.4 2528.4 2528.4 2528.4 
2526.2 2526.2 2526.2 2526.2 2526.2 2526.2 2526.2 2526.2 
2526.2 2526.2 2526.2 2526.2 2526.2 2526.2 2526.2 2526.2 
2525.1 2525.1 2525.1 2525.1 2525.1 2525.1 2525.1 2525.1 
2525.1 2525.1 2525.1 2525.1 2525.1 2525.1 2525.1 2525.1 
   0.0    0.0    0.0    0.0    0.0    0.0    0.0    0.0 
   0.0    0.0    0.0    0.0    0.0    0.0    0.0    0.0 

