R.vdc.u1.tdc.offsets=
2060.6 2060.6 2060.6 2060.6 2060.6 2060.6 2060.6 2060.6 
2060.6 2060.6 2060.6 2060.6 2060.6 2060.6 2060.6 2060.6 
2057.6 2057.6 2057.6 2057.6 2057.6 2057.6 2057.6 2057.6 
2057.6 2057.6 2057.6 2057.6 2057.6 2057.6 2057.6 2057.6 
2058.0 2058.0 2058.0 2058.0 2058.0 2058.0 2058.0 2058.0 
2058.0 2058.0 2058.0 2058.0 2058.0 2058.0 2058.0 2058.0 
2058.2 2058.2 2058.2 2058.2 2058.2 2058.2 2058.2 2058.2 
2058.2 2058.2 2058.2 2058.2 2058.2 2058.2 2058.2 2058.2 
2058.1 2058.1 2058.1 2058.1 2058.1 2058.1 2058.1 2058.1 
2058.1 2058.1 2058.1 2058.1 2058.1 2058.1 2058.1 2058.1 
2055.4 2055.4 2055.4 2055.4 2055.4 2055.4 2055.4 2055.4 
2055.4 2055.4 2055.4 2055.4 2055.4 2055.4 2055.4 2055.4 
2060.7 2060.7 2060.7 2060.7 2060.7 2060.7 2060.7 2060.7 
2060.7 2060.7 2060.7 2060.7 2060.7 2060.7 2060.7 2060.7 
2060.7 2060.7 2060.7 2060.7 2060.7 2060.7 2060.7 2060.7 
2060.7 2060.7 2060.7 2060.7 2060.7 2060.7 2060.7 2060.7 
2063.7 2063.7 2063.7 2063.7 2063.7 2063.7 2063.7 2063.7 
2063.7 2063.7 2063.7 2063.7 2063.7 2063.7 2063.7 2063.7 
2060.3 2060.3 2060.3 2060.3 2060.3 2060.3 2060.3 2060.3 
2060.3 2060.3 2060.3 2060.3 2060.3 2060.3 2060.3 2060.3 
2062.9 2062.9 2062.9 2062.9 2062.9 2062.9 2062.9 2062.9 
2062.9 2062.9 2062.9 2062.9 2062.9 2062.9 2062.9 2062.9 
2063.5 2063.5 2063.5 2063.5 2063.5 2063.5 2063.5 2063.5 
2063.5 2063.5 2063.5 2063.5 2063.5 2063.5 2063.5 2063.5 
2064.3 2064.3 2064.3 2064.3 2064.3 2064.3 2064.3 2064.3 
2064.3 2064.3 2064.3 2064.3 2064.3 2064.3 2064.3 2064.3 
2063.8 2063.8 2063.8 2063.8 2063.8 2063.8 2063.8 2063.8 
2063.8 2063.8 2063.8 2063.8 2063.8 2063.8 2063.8 2063.8 
2063.5 2063.5 2063.5 2063.5 2063.5 2063.5 2063.5 2063.5 
2063.5 2063.5 2063.5 2063.5 2063.5 2063.5 2063.5 2063.5 
2062.3 2062.3 2062.3 2062.3 2062.3 2062.3 2062.3 2062.3 
2062.3 2062.3 2062.3 2062.3 2062.3 2062.3 2062.3 2062.3 
2065.5 2065.5 2065.5 2065.5 2065.5 2065.5 2065.5 2065.5 
2065.5 2065.5 2065.5 2065.5 2065.5 2065.5 2065.5 2065.5 
2062.1 2062.1 2062.1 2062.1 2062.1 2062.1 2062.1 2062.1 
2062.1 2062.1 2062.1 2062.1 2062.1 2062.1 2062.1 2062.1 
2068.3 2068.3 2068.3 2068.3 2068.3 2068.3 2068.3 2068.3 
2068.3 2068.3 2068.3 2068.3 2068.3 2068.3 2068.3 2068.3 
2066.7 2066.7 2066.7 2066.7 2066.7 2066.7 2066.7 2066.7 
2066.7 2066.7 2066.7 2066.7 2066.7 2066.7 2066.7 2066.7 
2065.1 2065.1 2065.1 2065.1 2065.1 2065.1 2065.1 2065.1 
2065.1 2065.1 2065.1 2065.1 2065.1 2065.1 2065.1 2065.1 
2068.1 2068.1 2068.1 2068.1 2068.1 2068.1 2068.1 2068.1 
2068.1 2068.1 2068.1 2068.1 2068.1 2068.1 2068.1 2068.1 
2071.5 2071.5 2071.5 2071.5 2071.5 2071.5 2071.5 2071.5 
2071.5 2071.5 2071.5 2071.5 2071.5 2071.5 2071.5 2071.5 

R.vdc.v1.tdc.offsets=
2064.1 2064.1 2064.1 2064.1 2064.1 2064.1 2064.1 2064.1 
2064.1 2064.1 2064.1 2064.1 2064.1 2064.1 2064.1 2064.1 
2063.3 2063.3 2063.3 2063.3 2063.3 2063.3 2063.3 2063.3 
2063.3 2063.3 2063.3 2063.3 2063.3 2063.3 2063.3 2063.3 
2065.3 2065.3 2065.3 2065.3 2065.3 2065.3 2065.3 2065.3 
2065.3 2065.3 2065.3 2065.3 2065.3 2065.3 2065.3 2065.3 
2065.2 2065.2 2065.2 2065.2 2065.2 2065.2 2065.2 2065.2 
2065.2 2065.2 2065.2 2065.2 2065.2 2065.2 2065.2 2065.2 
2065.3 2065.3 2065.3 2065.3 2065.3 2065.3 2065.3 2065.3 
2065.3 2065.3 2065.3 2065.3 2065.3 2065.3 2065.3 2065.3 
2063.5 2063.5 2063.5 2063.5 2063.5 2063.5 2063.5 2063.5 
2063.5 2063.5 2063.5 2063.5 2063.5 2063.5 2063.5 2063.5 
2066.3 2066.3 2066.3 2066.3 2066.3 2066.3 2066.3 2066.3 
2066.3 2066.3 2066.3 2066.3 2066.3 2066.3 2066.3 2066.3 
2065.6 2065.6 2065.6 2065.6 2065.6 2065.6 2065.6 2065.6 
2065.6 2065.6 2065.6 2065.6 2065.6 2065.6 2065.6 2065.6 
2065.2 2065.2 2065.2 2065.2 2065.2 2065.2 2065.2 2065.2 
2065.2 2065.2 2065.2 2065.2 2065.2 2065.2 2065.2 2065.2 
2065.3 2065.3 2065.3 2065.3 2065.3 2065.3 2065.3 2065.3 
2065.3 2065.3 2065.3 2065.3 2065.3 2065.3 2065.3 2065.3 
2067.7 2067.7 2067.7 2067.7 2067.7 2067.7 2067.7 2067.7 
2067.7 2067.7 2067.7 2067.7 2067.7 2067.7 2067.7 2067.7 
2066.4 2066.4 2066.4 2066.4 2066.4 2066.4 2066.4 2066.4 
2066.4 2066.4 2066.4 2066.4 2066.4 2066.4 2066.4 2066.4 
2068.6 2068.6 2068.6 2068.6 2068.6 2068.6 2068.6 2068.6 
2068.6 2068.6 2068.6 2068.6 2068.6 2068.6 2068.6 2068.6 
2067.6 2067.6 2067.6 2067.6 2067.6 2067.6 2067.6 2067.6 
2067.6 2067.6 2067.6 2067.6 2067.6 2067.6 2067.6 2067.6 
2066.6 2066.6 2066.6 2066.6 2066.6 2066.6 2066.6 2066.6 
2066.6 2066.6 2066.6 2066.6 2066.6 2066.6 2066.6 2066.6 
2066.6 2066.6 2066.6 2066.6 2066.6 2066.6 2066.6 2066.6 
2066.6 2066.6 2066.6 2066.6 2066.6 2066.6 2066.6 2066.6 
2066.8 2066.8 2066.8 2066.8 2066.8 2066.8 2066.8 2066.8 
2066.8 2066.8 2066.8 2066.8 2066.8 2066.8 2066.8 2066.8 
2065.3 2065.3 2065.3 2065.3 2065.3 2065.3 2065.3 2065.3 
2065.3 2065.3 2065.3 2065.3 2065.3 2065.3 2065.3 2065.3 
2070.1 2070.1 2070.1 2070.1 2070.1 2070.1 2070.1 2070.1 
2070.1 2070.1 2070.1 2070.1 2070.1 2070.1 2070.1 2070.1 
2066.6 2066.6 2066.6 2066.6 2066.6 2066.6 2066.6 2066.6 
2066.6 2066.6 2066.6 2066.6 2066.6 2066.6 2066.6 2066.6 
2066.7 2066.7 2066.7 2066.7 2066.7 2066.7 2066.7 2066.7 
2066.7 2066.7 2066.7 2066.7 2066.7 2066.7 2066.7 2066.7 
2067.5 2067.5 2067.5 2067.5 2067.5 2067.5 2067.5 2067.5 
2067.5 2067.5 2067.5 2067.5 2067.5 2067.5 2067.5 2067.5 
2071.7 2071.7 2071.7 2071.7 2071.7 2071.7 2071.7 2071.7 
2071.7 2071.7 2071.7 2071.7 2071.7 2071.7 2071.7 2071.7 

R.vdc.u2.tdc.offsets=
2054.6 2054.6 2054.6 2054.6 2054.6 2054.6 2054.6 2054.6 
2054.6 2054.6 2054.6 2054.6 2054.6 2054.6 2054.6 2054.6 
2048.3 2048.3 2048.3 2048.3 2048.3 2048.3 2048.3 2048.3 
2048.3 2048.3 2048.3 2048.3 2048.3 2048.3 2048.3 2048.3 
2050.0 2050.0 2050.0 2050.0 2050.0 2050.0 2050.0 2050.0 
2050.0 2050.0 2050.0 2050.0 2050.0 2050.0 2050.0 2050.0 
2049.5 2049.5 2049.5 2049.5 2049.5 2049.5 2049.5 2049.5 
2049.5 2049.5 2049.5 2049.5 2049.5 2049.5 2049.5 2049.5 
2047.8 2047.8 2047.8 2047.8 2047.8 2047.8 2047.8 2047.8 
2047.8 2047.8 2047.8 2047.8 2047.8 2047.8 2047.8 2047.8 
2050.4 2050.4 2050.4 2050.4 2050.4 2050.4 2050.4 2050.4 
2050.4 2050.4 2050.4 2050.4 2050.4 2050.4 2050.4 2050.4 
2054.2 2054.2 2054.2 2054.2 2054.2 2054.2 2054.2 2054.2 
2054.2 2054.2 2054.2 2054.2 2054.2 2054.2 2054.2 2054.2 
2054.0 2054.0 2054.0 2054.0 2054.0 2054.0 2054.0 2054.0 
2054.0 2054.0 2054.0 2054.0 2054.0 2054.0 2054.0 2054.0 
2054.1 2054.1 2054.1 2054.1 2054.1 2054.1 2054.1 2054.1 
2054.1 2054.1 2054.1 2054.1 2054.1 2054.1 2054.1 2054.1 
2052.6 2052.6 2052.6 2052.6 2052.6 2052.6 2052.6 2052.6 
2052.6 2052.6 2052.6 2052.6 2052.6 2052.6 2052.6 2052.6 
2055.0 2055.0 2055.0 2055.0 2055.0 2055.0 2055.0 2055.0 
2055.0 2055.0 2055.0 2055.0 2055.0 2055.0 2055.0 2055.0 
2055.0 2055.0 2055.0 2055.0 2055.0 2055.0 2055.0 2055.0 
2055.0 2055.0 2055.0 2055.0 2055.0 2055.0 2055.0 2055.0 
2054.6 2054.6 2054.6 2054.6 2054.6 2054.6 2054.6 2054.6 
2054.6 2054.6 2054.6 2054.6 2054.6 2054.6 2054.6 2054.6 
2053.5 2053.5 2053.5 2053.5 2053.5 2053.5 2053.5 2053.5 
2053.5 2053.5 2053.5 2053.5 2053.5 2053.5 2053.5 2053.5 
2054.7 2054.7 2054.7 2054.7 2054.7 2054.7 2054.7 2054.7 
2054.7 2054.7 2054.7 2054.7 2054.7 2054.7 2054.7 2054.7 
2053.9 2053.9 2053.9 2053.9 2053.9 2053.9 2053.9 2053.9 
2053.9 2053.9 2053.9 2053.9 2053.9 2053.9 2053.9 2053.9 
2058.3 2058.3 2058.3 2058.3 2058.3 2058.3 2058.3 2058.3 
2058.3 2058.3 2058.3 2058.3 2058.3 2058.3 2058.3 2058.3 
2057.4 2057.4 2057.4 2057.4 2057.4 2057.4 2057.4 2057.4 
2057.4 2057.4 2057.4 2057.4 2057.4 2057.4 2057.4 2057.4 
2060.6 2060.6 2060.6 2060.6 2060.6 2060.6 2060.6 2060.6 
2060.6 2060.6 2060.6 2060.6 2060.6 2060.6 2060.6 2060.6 
2061.2 2061.2 2061.2 2061.2 2061.2 2061.2 2061.2 2061.2 
2061.2 2061.2 2061.2 2061.2 2061.2 2061.2 2061.2 2061.2 
2059.9 2059.9 2059.9 2059.9 2059.9 2059.9 2059.9 2059.9 
2059.9 2059.9 2059.9 2059.9 2059.9 2059.9 2059.9 2059.9 
2060.5 2060.5 2060.5 2060.5 2060.5 2060.5 2060.5 2060.5 
2060.5 2060.5 2060.5 2060.5 2060.5 2060.5 2060.5 2060.5 
2063.4 2063.4 2063.4 2063.4 2063.4 2063.4 2063.4 2063.4 
2063.4 2063.4 2063.4 2063.4 2063.4 2063.4 2063.4 2063.4 

R.vdc.v2.tdc.offsets=
2065.3 2065.3 2065.3 2065.3 2065.3 2065.3 2065.3 2065.3 
2065.3 2065.3 2065.3 2065.3 2065.3 2065.3 2065.3 2065.3 
2063.6 2063.6 2063.6 2063.6 2063.6 2063.6 2063.6 2063.6 
2063.6 2063.6 2063.6 2063.6 2063.6 2063.6 2063.6 2063.6 
2063.4 2063.4 2063.4 2063.4 2063.4 2063.4 2063.4 2063.4 
2063.4 2063.4 2063.4 2063.4 2063.4 2063.4 2063.4 2063.4 
2061.7 2061.7 2061.7 2061.7 2061.7 2061.7 2061.7 2061.7 
2061.7 2061.7 2061.7 2061.7 2061.7 2061.7 2061.7 2061.7 
2061.3 2061.3 2061.3 2061.3 2061.3 2061.3 2061.3 2061.3 
2061.3 2061.3 2061.3 2061.3 2061.3 2061.3 2061.3 2061.3 
2061.1 2061.1 2061.1 2061.1 2061.1 2061.1 2061.1 2061.1 
2061.1 2061.1 2061.1 2061.1 2061.1 2061.1 2061.1 2061.1 
2064.6 2064.6 2064.6 2064.6 2064.6 2064.6 2064.6 2064.6 
2064.6 2064.6 2064.6 2064.6 2064.6 2064.6 2064.6 2064.6 
2061.2 2061.2 2061.2 2061.2 2061.2 2061.2 2061.2 2061.2 
2061.2 2061.2 2061.2 2061.2 2061.2 2061.2 2061.2 2061.2 
2059.2 2059.2 2059.2 2059.2 2059.2 2059.2 2059.2 2059.2 
2059.2 2059.2 2059.2 2059.2 2059.2 2059.2 2059.2 2059.2 
2061.3 2061.3 2061.3 2061.3 2061.3 2061.3 2061.3 2061.3 
2061.3 2061.3 2061.3 2061.3 2061.3 2061.3 2061.3 2061.3 
2063.5 2063.5 2063.5 2063.5 2063.5 2063.5 2063.5 2063.5 
2063.5 2063.5 2063.5 2063.5 2063.5 2063.5 2063.5 2063.5 
2061.3 2061.3 2061.3 2061.3 2061.3 2061.3 2061.3 2061.3 
2061.3 2061.3 2061.3 2061.3 2061.3 2061.3 2061.3 2061.3 
2064.1 2064.1 2064.1 2064.1 2064.1 2064.1 2064.1 2064.1 
2064.1 2064.1 2064.1 2064.1 2064.1 2064.1 2064.1 2064.1 
2063.3 2063.3 2063.3 2063.3 2063.3 2063.3 2063.3 2063.3 
2063.3 2063.3 2063.3 2063.3 2063.3 2063.3 2063.3 2063.3 
2064.9 2064.9 2064.9 2064.9 2064.9 2064.9 2064.9 2064.9 
2064.9 2064.9 2064.9 2064.9 2064.9 2064.9 2064.9 2064.9 
2062.9 2062.9 2062.9 2062.9 2062.9 2062.9 2062.9 2062.9 
2062.9 2062.9 2062.9 2062.9 2062.9 2062.9 2062.9 2062.9 
2065.0 2065.0 2065.0 2065.0 2065.0 2065.0 2065.0 2065.0 
2065.0 2065.0 2065.0 2065.0 2065.0 2065.0 2065.0 2065.0 
2061.7 2061.7 2061.7 2061.7 2061.7 2061.7 2061.7 2061.7 
2061.7 2061.7 2061.7 2061.7 2061.7 2061.7 2061.7 2061.7 
2068.8 2068.8 2068.8 2068.8 2068.8 2068.8 2068.8 2068.8 
2068.8 2068.8 2068.8 2068.8 2068.8 2068.8 2068.8 2068.8 
2067.2 2067.2 2067.2 2067.2 2067.2 2067.2 2067.2 2067.2 
2067.2 2067.2 2067.2 2067.2 2067.2 2067.2 2067.2 2067.2 
2065.2 2065.2 2065.2 2065.2 2065.2 2065.2 2065.2 2065.2 
2065.2 2065.2 2065.2 2065.2 2065.2 2065.2 2065.2 2065.2 
2062.4 2062.4 2062.4 2062.4 2062.4 2062.4 2062.4 2062.4 
2062.4 2062.4 2062.4 2062.4 2062.4 2062.4 2062.4 2062.4 
2068.6 2068.6 2068.6 2068.6 2068.6 2068.6 2068.6 2068.6 
2068.6 2068.6 2068.6 2068.6 2068.6 2068.6 2068.6 2068.6 

