111300 46.65 47.15 47.17 46.99
111301 44.40 44.89 44.90 44.73
111302 46.33 46.81 46.82 46.65
111303 45.19 45.68 45.68 45.52
111304 44.55 45.03 45.02 44.87
111305 46.10 46.60 46.59 46.43
111306 42.83 43.32 43.30 43.15
111307 45.33 45.82 45.80 45.65
111308 40.17 40.60 40.59 40.46
111309 41.89 42.35 42.34 42.19
111310 0.00 0.00 0.00 0.00
111311 41.81 42.26 42.26 42.11
111312 4.71 4.75 4.76 4.74
111313 46.63 47.14 47.15 46.97
111314 45.89 46.38 46.39 46.22
111315 15.77 15.95 15.95 15.89
111316 42.72 43.18 43.20 43.03
111319 58.58 59.12 59.15 58.95
111320 41.12 41.57 41.58 41.42
111321 57.05 57.69 57.71 57.48
111323 0.00 0.00 0.00 0.00
111324 0.00 0.00 0.00 0.00
111325 0.27 0.28 0.28 0.28
111327 0.00 0.00 0.00 0.00
111328 0.00 0.00 0.00 0.00
111329 1.54 0.00 0.00 0.51
111330 0.95 0.00 0.00 0.32
111331 0.87 0.00 0.00 0.29
111332 45.67 46.19 46.22 46.03
111333 46.11 46.63 46.66 46.46
111334 41.16 41.61 41.64 41.47
111335 41.20 41.66 41.69 41.52
111336 41.77 42.23 42.26 42.09
111337 41.48 41.94 41.96 41.79
111338 41.34 41.79 41.82 41.65
111339 14.07 13.93 14.07 14.02
111340 18.91 19.12 19.13 19.05
111341 43.12 43.58 43.60 43.43
111342 41.67 42.12 42.14 41.98
111343 41.53 41.97 41.99 41.83
111344 41.12 41.55 41.58 41.42
111345 41.29 41.72 41.74 41.59
111346 41.47 41.91 41.92 41.77
111347 41.77 42.20 42.22 42.06
111348 41.66 42.09 42.12 41.96
111349 43.34 43.79 43.81 43.65
111350 41.54 41.98 42.00 41.84
111351 23.94 24.19 24.20 24.11
111352 27.73 28.02 28.03 27.93
111353 41.27 41.73 41.76 41.59
111354 46.63 47.14 47.17 46.98
111355 42.11 42.56 42.59 42.42
111356 14.24 13.14 13.71 13.70
111364 24.00 24.27 24.28 24.18
111365 17.01 17.20 17.21 17.14
111366 38.14 38.58 38.60 38.44
111367 45.70 46.21 46.23 46.05
111368 26.19 26.48 26.50 26.39
111369 47.39 47.94 47.96 47.76
111370 41.18 41.66 41.66 41.50
111371 41.18 41.66 41.67 41.50
111372 41.04 41.52 41.53 41.37
111373 52.12 52.69 52.71 52.50
111374 43.73 44.23 44.26 44.07
111375 42.80 43.28 43.31 43.13
111376 41.06 41.53 41.55 41.38
111377 42.74 43.22 43.23 43.06
111378 41.60 42.07 42.08 41.92
111379 12.98 12.52 12.75 12.75
111380 8.29 7.91 8.09 8.09
111381 43.20 43.63 43.71 43.51
111382 42.35 42.82 42.86 42.67
111383 42.32 42.77 42.80 42.63
111384 41.93 42.39 42.41 42.24
111385 46.69 47.18 47.21 47.03
111386 42.89 43.36 43.39 43.21
111387 43.75 44.22 44.25 44.07
111388 10.91 10.99 11.04 10.98
111389 0.00 0.00 0.00 0.00
111391 46.02 46.52 46.56 46.37
111392 42.74 43.21 43.25 43.07
111393 42.03 42.51 42.53 42.36
111394 46.07 46.62 46.63 46.44
111395 45.92 46.46 46.47 46.28
111396 43.36 43.88 43.89 43.71
111397 45.28 45.82 45.83 45.64
111398 44.66 45.20 45.20 45.02
111399 42.97 43.48 43.49 43.31
