111647 43.98 44.36 44.32 44.22
111648 41.86 42.21 42.17 42.08
111649 42.85 43.22 43.17 43.08
111650 42.29 42.65 42.60 42.52
111651 4.57 4.43 4.49 4.50
111652 41.84 42.21 42.16 42.07
111653 20.56 20.73 20.71 20.67
111654 1.35 1.34 1.36 1.35
111655 43.13 43.50 43.45 43.36
111656 42.96 43.31 43.30 43.19
111657 43.45 43.79 43.79 43.68
111658 42.62 42.97 42.94 42.85
111659 42.97 43.30 43.30 43.19
111660 43.24 43.58 43.63 43.48
111661 43.73 44.07 46.43 44.74
111662 42.02 42.34 42.36 42.24
111663 43.04 43.38 44.84 43.75
111664 40.31 40.62 41.30 40.74
111665 41.78 42.12 42.12 42.01
111666 44.08 44.43 44.45 44.32
111667 1.08 1.09 1.09 1.09
111668 41.31 41.66 41.64 41.53
111669 41.66 42.02 42.02 41.90
111670 41.95 42.29 42.28 42.17
111671 41.88 42.22 42.22 42.11
111672 47.97 48.35 48.36 48.23
111673 41.27 41.61 41.62 41.50
111674 41.49 41.83 41.83 41.72
111675 41.67 42.01 42.02 41.90
111676 41.51 41.85 41.86 41.74
111677 41.66 41.99 42.01 41.89
111678 41.94 42.27 42.52 42.24
111679 41.81 42.16 42.17 42.05
111680 43.31 43.66 43.69 43.56
111681 3.48 3.51 3.51 3.50
111682 3.10 2.72 2.77 2.86
111683 41.81 42.14 42.15 42.03
111684 41.76 42.38 42.39 42.18
111685 41.94 42.55 42.54 42.35
111686 42.15 42.73 42.70 42.53
111687 43.42 44.13 44.10 43.88
111688 7.24 7.00 7.23 7.16
111689 41.57 42.23 42.23 42.01
111690 3.28 3.22 3.28 3.26
111691 11.96 11.71 11.87 11.85
111692 9.76 9.54 9.71 9.67
111693 41.57 42.27 42.23 42.03
111694 40.61 41.31 42.83 41.58
111695 41.25 41.99 41.95 41.73
111696 41.80 42.56 42.53 42.30
