111157 40.37 40.71 40.72 40.60
111158 27.86 28.05 28.06 27.99
111159 0.00 0.00 0.00 0.00
111160 49.10 49.53 49.57 49.40
111161 44.65 45.02 45.06 44.91
111162 41.57 41.94 41.98 41.83
111163 46.10 46.48 46.52 46.37
111164 43.81 44.19 44.23 44.08
111165 41.68 42.03 42.07 41.92
111166 43.10 43.50 43.54 43.38
111167 44.08 44.48 44.52 44.36
111168 41.86 42.25 42.28 42.13
111169 42.91 43.29 43.32 43.17
111170 50.30 50.75 50.79 50.61
111171 49.01 49.43 49.47 49.30
111172 43.41 43.79 43.83 43.68
111173 42.04 42.41 42.44 42.30
111174 9.61 9.70 9.71 9.67
111175 33.64 33.93 33.96 33.85
111176 45.45 45.83 45.87 45.72
111177 42.20 42.58 42.61 42.46
111178 44.54 44.91 44.95 44.80
111179 45.04 45.43 45.47 45.32
111180 31.60 31.88 31.91 31.80
111181 41.91 42.26 42.29 42.15
111182 41.91 42.27 42.31 42.16
111183 26.68 26.92 26.94 26.85
111184 42.88 43.26 43.31 43.15
111185 44.25 44.63 44.68 44.52
111186 41.65 42.02 42.08 41.92
111187 23.98 24.18 24.21 24.12
111188 49.37 49.80 49.88 49.68
111189 45.16 45.58 45.63 45.46
111190 43.36 43.75 43.81 43.64
111191 0.00 0.00 0.00 0.00
111191 0.00 0.00 0.00 0.00
111192 0.00 0.00 0.00 0.00
111194 35.76 36.08 36.13 35.99
111195 47.12 47.56 47.63 47.44
111196 52.81 53.28 53.36 53.15
111197 42.58 42.99 43.04 42.87
111198 41.17 41.54 41.59 41.44
111199 45.38 45.80 45.85 45.68
111201 50.24 50.72 50.78 50.58
111201 50.24 50.72 50.78 50.58
111203 41.97 42.37 42.43 42.26
111204 42.14 42.53 42.59 42.42
111205 41.77 42.17 42.22 42.05
111206 43.43 43.82 43.87 43.70
111207 46.09 46.50 46.55 46.38
111208 40.81 41.15 41.20 41.05
111209 41.55 41.94 41.99 41.83
111210 5.56 5.28 5.57 5.47
111211 41.49 41.86 41.93 41.76
111212 42.53 42.92 42.98 42.81
111213 0.00 0.00 0.00 0.00
111214 42.69 43.08 43.09 42.95
111215 41.86 42.31 42.31 42.16
111216 40.97 41.41 41.41 41.26
111217 41.13 41.58 41.57 41.43
111218 41.48 41.90 41.91 41.76
111219 41.29 41.70 41.70 41.56
111220 19.97 20.19 20.20 20.12
