111580 41.72 42.06 42.08 41.95
111581 42.10 42.43 42.46 42.33
111582 42.78 43.14 43.14 43.02
111583 40.74 41.06 41.08 40.96
111584 41.89 42.23 42.25 42.12
111585 38.87 39.14 39.20 39.07
111586 41.26 41.59 41.61 41.49
111587 42.42 42.76 42.78 42.65
111588 45.98 46.34 46.36 46.23
111589 43.03 43.38 43.40 43.27
111590 43.43 43.78 43.80 43.67
111591 43.33 43.69 43.71 43.57
111592 0.42 0.43 0.43 0.43
111593 41.65 42.00 42.02 41.89
111594 43.47 43.84 43.85 43.72
111595 41.36 41.71 41.72 41.60
111596 6.28 6.34 6.34 6.32
111597 43.63 44.00 44.00 43.88
111598 45.16 45.53 45.54 45.41
111599 43.44 43.81 43.83 43.69
111600 42.78 43.14 43.15 43.02
111601 42.19 42.57 42.55 42.44
111602 42.11 42.48 42.45 42.35
111603 52.89 53.34 53.31 53.18
111604 42.47 42.85 42.83 42.72
111605 42.14 42.50 42.48 42.37
111606 41.85 42.22 42.20 42.09
111607 42.67 43.04 43.02 42.91
111608 42.22 42.60 42.57 42.46
111609 41.80 42.17 42.15 42.04
111610 41.28 41.65 41.63 41.52
111611 42.15 42.52 42.49 42.39
111612 42.07 42.44 42.42 42.31
111613 42.31 42.69 42.66 42.55
111614 48.51 48.88 48.86 48.75
111615 43.59 43.97 43.95 43.84
111616 42.10 42.48 42.45 42.34
111617 41.42 41.78 41.76 41.65
111618 42.38 42.74 42.71 42.61
111619 44.61 45.00 44.97 44.86
111620 13.27 13.12 13.16 13.18
111621 0.00 0.00 0.00 0.00
111622 0.00 0.00 0.00 0.00
111623 13.29 13.08 13.25 13.21
111624 46.57 46.97 46.95 46.83
111625 42.39 42.72 42.71 42.61
111626 48.74 49.08 49.08 48.97
111627 42.22 42.53 42.54 42.43
111628 32.39 32.63 32.64 32.55
