111221 21.47 21.73 21.73 21.64
111222 46.58 47.04 47.04 46.89
111224 8.74 8.84 8.83 8.80
111225 3.39 3.32 3.32 3.34
111226 48.14 48.66 48.65 48.48
111227 41.95 42.36 42.36 42.22
111228 19.71 19.96 19.96 19.88
111229 38.75 39.17 39.18 39.03
111231 53.07 53.84 53.82 53.58
111232 47.22 47.76 47.75 47.58
111233 45.59 46.13 46.11 45.94
111234 45.45 45.96 45.95 45.79
111235 41.60 42.07 42.05 41.91
111236 45.77 46.27 46.25 46.10
111238 0.00 0.00 0.00 0.00
111239 42.01 42.50 42.48 42.33
111240 43.46 43.97 43.94 43.79
111241 41.24 41.71 41.69 41.55
111242 45.10 45.63 45.61 45.45
111243 43.70 44.20 44.18 44.03
111244 46.34 46.89 46.86 46.70
111245 42.65 43.15 43.12 42.98
111246 41.83 42.30 42.28 42.14
111247 42.01 42.50 42.48 42.33
111248 41.44 41.92 41.89 41.75
111249 41.61 42.10 42.07 41.93
111250 42.33 42.81 42.79 42.64
111251 43.13 43.62 43.60 43.45
111252 44.32 44.81 44.79 44.64
111253 42.82 43.31 43.29 43.14
111254 51.88 52.48 52.44 52.27
111256 45.78 46.32 46.30 46.14
111257 42.31 42.79 42.78 42.63
111258 43.67 44.15 44.14 43.99
111259 43.37 43.88 43.86 43.70
111260 43.61 44.13 44.11 43.95
111261 16.06 16.25 16.24 16.18
111262 42.77 43.28 43.26 43.10
111263 26.78 27.09 27.08 26.99
111267 24.32 24.72 24.70 24.58
111268 45.22 45.90 45.88 45.67
111269 45.32 45.86 45.84 45.67
111270 10.85 10.98 10.98 10.93
111271 50.68 51.27 51.26 51.07
111272 42.70 43.19 43.17 43.02
111273 43.66 44.18 44.16 44.00
111274 44.41 44.91 44.91 44.74
111275 42.92 43.40 43.40 43.24
111276 47.68 48.22 48.20 48.03
111277 44.58 45.10 45.09 44.92
111278 21.35 21.60 21.59 21.51
111279 0.84 0.85 0.85 0.85
111280 42.93 43.43 43.43 43.26
111281 48.65 49.21 49.21 49.02
111282 49.61 50.18 50.19 49.99
111283 44.59 45.09 45.11 44.93
111284 42.20 42.69 42.71 42.53
111285 0.00 0.00 0.00 0.00
111286 42.22 42.69 42.71 42.54
111287 33.99 34.36 34.38 34.24
111288 12.75 12.89 12.89 12.84
111289 42.14 42.56 42.58 42.43
111290 42.60 43.01 43.03 42.88
111291 13.85 13.99 14.00 13.95
111294 42.88 43.35 43.37 43.20
111295 41.89 42.35 42.36 42.20
111296 44.27 44.78 44.80 44.62
111297 43.32 43.78 43.80 43.63
111298 6.93 6.73 6.85 6.84
111299 16.12 16.30 16.31 16.24
