111537 42.75 43.14 43.16 43.01
111538 19.26 19.43 19.44 19.38
111539 41.42 41.77 41.82 41.67
111540 41.63 41.97 42.03 41.88
111541 43.58 43.89 43.92 43.79
111542 38.69 39.01 39.03 38.91
111543 0.00 0.00 0.00 0.00
111544 0.00 0.00 0.00 0.00
111545 0.00 0.00 0.00 0.00
111546 0.00 0.00 0.00 0.00
111547 5.32 5.36 5.37 5.35
111548 10.29 10.38 10.38 10.35
111549 6.68 6.74 6.74 6.72
111551 0.49 0.00 0.00 0.16
111552 14.49 0.00 0.00 4.83
111553 40.17 40.54 40.52 40.41
111554 4.77 4.81 4.81 4.80
111555 2.68 2.25 2.46 2.46
111556 45.43 45.80 45.78 45.67
111557 46.19 46.58 46.55 46.44
111558 43.53 43.92 43.90 43.79
111559 58.17 58.65 58.61 58.48
111560 41.84 42.22 42.20 42.09
111561 42.56 42.93 42.91 42.80
111562 42.85 43.25 43.22 43.11
111563 42.38 42.75 42.71 42.61
111564 43.21 43.60 43.57 43.46
111565 41.44 41.80 41.80 41.68
111566 42.20 42.56 42.58 42.45
111567 42.16 42.51 42.54 42.40
111568 42.07 42.42 42.44 42.31
111569 41.72 42.06 42.08 41.96
111570 41.85 42.19 42.22 42.09
111571 44.15 44.50 44.53 44.39
111572 42.07 42.41 42.44 42.31
111573 41.85 42.19 42.22 42.09
111574 41.50 41.84 41.87 41.74
111575 42.22 42.56 42.59 42.45
111576 41.91 42.26 42.29 42.15
111577 42.57 42.91 42.94 42.81
111578 42.18 42.51 42.54 42.41
111579 5.56 5.52 5.54 5.54
111580 41.72 42.06 42.08 41.95
