L.vdc.u1.tdc.offsets=
1877.5 1877.5 1877.5 1877.5 1877.5 1877.5 1877.5 1877.5 
1877.5 1877.5 1877.5 1877.5 1877.5 1877.5 1877.5 1877.5 
1875.1 1875.1 1875.1 1875.1 1875.1 1875.1 1875.1 1875.1 
1875.1 1875.1 1875.1 1875.1 1875.1 1875.1 1875.1 1875.1 
1874.8 1874.8 1874.8 1874.8 1874.8 1874.8 1874.8 1874.8 
1874.8 1874.8 1874.8 1874.8 1874.8 1874.8 1874.8 1874.8 
1875.0 1875.0 1875.0 1875.0 1875.0 1875.0 1875.0 1875.0 
1875.0 1875.0 1875.0 1875.0 1875.0 1875.0 1875.0 1875.0 
1877.6 1877.6 1877.6 1877.6 1877.6 1877.6 1877.6 1877.6 
1877.6 1877.6 1877.6 1877.6 1877.6 1877.6 1877.6 1877.6 
1878.0 1878.0 1878.0 1878.0 1878.0 1878.0 1878.0 1878.0 
1878.0 1878.0 1878.0 1878.0 1878.0 1878.0 1878.0 1878.0 
1882.9 1882.9 1882.9 1882.9 1882.9 1882.9 1882.9 1882.9 
1882.9 1882.9 1882.9 1882.9 1882.9 1882.9 1882.9 1882.9 
1879.8 1879.8 1879.8 1879.8 1879.8 1879.8 1879.8 1879.8 
1879.8 1879.8 1879.8 1879.8 1879.8 1879.8 1879.8 1879.8 
1880.2 1880.2 1880.2 1880.2 1880.2 1880.2 1880.2 1880.2 
1880.2 1880.2 1880.2 1880.2 1880.2 1880.2 1880.2 1880.2 
1877.5 1877.5 1877.5 1877.5 1877.5 1877.5 1877.5 1877.5 
1877.5 1877.5 1877.5 1877.5 1877.5 1877.5 1877.5 1877.5 
1875.5 1875.5 1875.5 1875.5 1875.5 1875.5 1875.5 1875.5 
1875.5 1875.5 1875.5 1875.5 1875.5 1875.5 1875.5 1875.5 
1875.0 1875.0 1875.0 1875.0 1875.0 1875.0 1875.0 1875.0 
1875.0 1875.0 1875.0 1875.0 1875.0 1875.0 1875.0 1875.0 
1882.7 1882.7 1882.7 1882.7 1882.7 1882.7 1882.7 1882.7 
1882.7 1882.7 1882.7 1882.7 1882.7 1882.7 1882.7 1882.7 
1879.1 1879.1 1879.1 1879.1 1879.1 1879.1 1879.1 1879.1 
1879.1 1879.1 1879.1 1879.1 1879.1 1879.1 1879.1 1879.1 
1880.2 1880.2 1880.2 1880.2 1880.2 1880.2 1880.2 1880.2 
1880.2 1880.2 1880.2 1880.2 1880.2 1880.2 1880.2 1880.2 
1878.0 1878.0 1878.0 1878.0 1878.0 1878.0 1878.0 1878.0 
1878.0 1878.0 1878.0 1878.0 1878.0 1878.0 1878.0 1878.0 
1881.0 1881.0 1881.0 1881.0 1881.0 1881.0 1881.0 1881.0 
1881.0 1881.0 1881.0 1881.0 1881.0 1881.0 1881.0 1881.0 
1880.4 1880.4 1880.4 1880.4 1880.4 1880.4 1880.4 1880.4 
1880.4 1880.4 1880.4 1880.4 1880.4 1880.4 1880.4 1880.4 
1883.4 1883.4 1883.4 1883.4 1883.4 1883.4 1883.4 1883.4 
1883.4 1883.4 1883.4 1883.4 1883.4 1883.4 1883.4 1883.4 
1879.6 1879.6 1879.6 1879.6 1879.6 1879.6 1879.6 1879.6 
1879.6 1879.6 1879.6 1879.6 1879.6 1879.6 1879.6 1879.6 
1880.3 1880.3 1880.3 1880.3 1880.3 1880.3 1880.3 1880.3 
1880.3 1880.3 1880.3 1880.3 1880.3 1880.3 1880.3 1880.3 
1879.1 1879.1 1879.1 1879.1 1879.1 1879.1 1879.1 1879.1 
1879.1 1879.1 1879.1 1879.1 1879.1 1879.1 1879.1 1879.1 
1883.3 1883.3 1883.3 1883.3 1883.3 1883.3 1883.3 1883.3 
1883.3 1883.3 1883.3 1883.3 1883.3 1883.3 1883.3 1883.3 

L.vdc.v1.tdc.offsets=
1880.5 1880.5 1880.5 1880.5 1880.5 1880.5 1880.5 1880.5 
1880.5 1880.5 1880.5 1880.5 1880.5 1880.5 1880.5 1880.5 
1879.3 1879.3 1879.3 1879.3 1879.3 1879.3 1879.3 1879.3 
1879.3 1879.3 1879.3 1879.3 1879.3 1879.3 1879.3 1879.3 
1879.3 1879.3 1879.3 1879.3 1879.3 1879.3 1879.3 1879.3 
1879.3 1879.3 1879.3 1879.3 1879.3 1879.3 1879.3 1879.3 
1879.8 1879.8 1879.8 1879.8 1879.8 1879.8 1879.8 1879.8 
1879.8 1879.8 1879.8 1879.8 1879.8 1879.8 1879.8 1879.8 
1880.7 1880.7 1880.7 1880.7 1880.7 1880.7 1880.7 1880.7 
1880.7 1880.7 1880.7 1880.7 1880.7 1880.7 1880.7 1880.7 
1880.9 1880.9 1880.9 1880.9 1880.9 1880.9 1880.9 1880.9 
1880.9 1880.9 1880.9 1880.9 1880.9 1880.9 1880.9 1880.9 
1890.2 1890.2 1890.2 1890.2 1890.2 1890.2 1890.2 1890.2 
1890.2 1890.2 1890.2 1890.2 1890.2 1890.2 1890.2 1890.2 
1889.1 1889.1 1889.1 1889.1 1889.1 1889.1 1889.1 1889.1 
1889.1 1889.1 1889.1 1889.1 1889.1 1889.1 1889.1 1889.1 
1887.2 1887.2 1887.2 1887.2 1887.2 1887.2 1887.2 1887.2 
1887.2 1887.2 1887.2 1887.2 1887.2 1887.2 1887.2 1887.2 
1881.5 1881.5 1881.5 1881.5 1881.5 1881.5 1881.5 1881.5 
1881.5 1881.5 1881.5 1881.5 1881.5 1881.5 1881.5 1881.5 
1886.1 1886.1 1886.1 1886.1 1886.1 1886.1 1886.1 1886.1 
1886.1 1886.1 1886.1 1886.1 1886.1 1886.1 1886.1 1886.1 
1881.3 1881.3 1881.3 1881.3 1881.3 1881.3 1881.3 1881.3 
1881.3 1881.3 1881.3 1881.3 1881.3 1881.3 1881.3 1881.3 
1887.4 1887.4 1887.4 1887.4 1887.4 1887.4 1887.4 1887.4 
1887.4 1887.4 1887.4 1887.4 1887.4 1887.4 1887.4 1887.4 
1885.7 1885.7 1885.7 1885.7 1885.7 1885.7 1885.7 1885.7 
1885.7 1885.7 1885.7 1885.7 1885.7 1885.7 1885.7 1885.7 
1886.7 1886.7 1886.7 1886.7 1886.7 1886.7 1886.7 1886.7 
1886.7 1886.7 1886.7 1886.7 1886.7 1886.7 1886.7 1886.7 
1888.1 1888.1 1888.1 1888.1 1888.1 1888.1 1888.1 1888.1 
1888.1 1888.1 1888.1 1888.1 1888.1 1888.1 1888.1 1888.1 
1889.5 1889.5 1889.5 1889.5 1889.5 1889.5 1889.5 1889.5 
1889.5 1889.5 1889.5 1889.5 1889.5 1889.5 1889.5 1889.5 
1889.8 1889.8 1889.8 1889.8 1889.8 1889.8 1889.8 1889.8 
1889.8 1889.8 1889.8 1889.8 1889.8 1889.8 1889.8 1889.8 
1892.0 1892.0 1892.0 1892.0 1892.0 1892.0 1892.0 1892.0 
1892.0 1892.0 1892.0 1892.0 1892.0 1892.0 1892.0 1892.0 
1889.9 1889.9 1889.9 1889.9 1889.9 1889.9 1889.9 1889.9 
1889.9 1889.9 1889.9 1889.9 1889.9 1889.9 1889.9 1889.9 
1889.6 1889.6 1889.6 1889.6 1889.6 1889.6 1889.6 1889.6 
1889.6 1889.6 1889.6 1889.6 1889.6 1889.6 1889.6 1889.6 
1888.8 1888.8 1888.8 1888.8 1888.8 1888.8 1888.8 1888.8 
1888.8 1888.8 1888.8 1888.8 1888.8 1888.8 1888.8 1888.8 
1889.4 1889.4 1889.4 1889.4 1889.4 1889.4 1889.4 1889.4 
1889.4 1889.4 1889.4 1889.4 1889.4 1889.4 1889.4 1889.4 

L.vdc.u2.tdc.offsets=
1868.5 1868.5 1868.5 1868.5 1868.5 1868.5 1868.5 1868.5 
1868.5 1868.5 1868.5 1868.5 1868.5 1868.5 1868.5 1868.5 
1865.7 1865.7 1865.7 1865.7 1865.7 1865.7 1865.7 1865.7 
1865.7 1865.7 1865.7 1865.7 1865.7 1865.7 1865.7 1865.7 
1866.0 1866.0 1866.0 1866.0 1866.0 1866.0 1866.0 1866.0 
1866.0 1866.0 1866.0 1866.0 1866.0 1866.0 1866.0 1866.0 
1866.3 1866.3 1866.3 1866.3 1866.3 1866.3 1866.3 1866.3 
1866.3 1866.3 1866.3 1866.3 1866.3 1866.3 1866.3 1866.3 
1869.7 1869.7 1869.7 1869.7 1869.7 1869.7 1869.7 1869.7 
1869.7 1869.7 1869.7 1869.7 1869.7 1869.7 1869.7 1869.7 
1865.0 1865.0 1865.0 1865.0 1865.0 1865.0 1865.0 1865.0 
1865.0 1865.0 1865.0 1865.0 1865.0 1865.0 1865.0 1865.0 
1877.5 1877.5 1877.5 1877.5 1877.5 1877.5 1877.5 1877.5 
1877.5 1877.5 1877.5 1877.5 1877.5 1877.5 1877.5 1877.5 
1875.8 1875.8 1875.8 1875.8 1875.8 1875.8 1875.8 1875.8 
1875.8 1875.8 1875.8 1875.8 1875.8 1875.8 1875.8 1875.8 
1874.5 1874.5 1874.5 1874.5 1874.5 1874.5 1874.5 1874.5 
1874.5 1874.5 1874.5 1874.5 1874.5 1874.5 1874.5 1874.5 
1871.6 1871.6 1871.6 1871.6 1871.6 1871.6 1871.6 1871.6 
1871.6 1871.6 1871.6 1871.6 1871.6 1871.6 1871.6 1871.6 
1874.2 1874.2 1874.2 1874.2 1874.2 1874.2 1874.2 1874.2 
1874.2 1874.2 1874.2 1874.2 1874.2 1874.2 1874.2 1874.2 
1873.3 1873.3 1873.3 1873.3 1873.3 1873.3 1873.3 1873.3 
1873.3 1873.3 1873.3 1873.3 1873.3 1873.3 1873.3 1873.3 
1874.8 1874.8 1874.8 1874.8 1874.8 1874.8 1874.8 1874.8 
1874.8 1874.8 1874.8 1874.8 1874.8 1874.8 1874.8 1874.8 
1874.7 1874.7 1874.7 1874.7 1874.7 1874.7 1874.7 1874.7 
1874.7 1874.7 1874.7 1874.7 1874.7 1874.7 1874.7 1874.7 
1876.5 1876.5 1876.5 1876.5 1876.5 1876.5 1876.5 1876.5 
1876.5 1876.5 1876.5 1876.5 1876.5 1876.5 1876.5 1876.5 
1875.2 1875.2 1875.2 1875.2 1875.2 1875.2 1875.2 1875.2 
1875.2 1875.2 1875.2 1875.2 1875.2 1875.2 1875.2 1875.2 
1875.8 1875.8 1875.8 1875.8 1875.8 1875.8 1875.8 1875.8 
1875.8 1875.8 1875.8 1875.8 1875.8 1875.8 1875.8 1875.8 
1874.8 1874.8 1874.8 1874.8 1874.8 1874.8 1874.8 1874.8 
1874.8 1874.8 1874.8 1874.8 1874.8 1874.8 1874.8 1874.8 
1881.3 1881.3 1881.3 1881.3 1881.3 1881.3 1881.3 1881.3 
1881.3 1881.3 1881.3 1881.3 1881.3 1881.3 1881.3 1881.3 
1877.9 1877.9 1877.9 1877.9 1877.9 1877.9 1877.9 1877.9 
1877.9 1877.9 1877.9 1877.9 1877.9 1877.9 1877.9 1877.9 
1878.9 1878.9 1878.9 1878.9 1878.9 1878.9 1878.9 1878.9 
1878.9 1878.9 1878.9 1878.9 1878.9 1878.9 1878.9 1878.9 
1876.7 1876.7 1876.7 1876.7 1876.7 1876.7 1876.7 1876.7 
1876.7 1876.7 1876.7 1876.7 1876.7 1876.7 1876.7 1876.7 
1877.1 1877.1 1877.1 1877.1 1877.1 1877.1 1877.1 1877.1 
1877.1 1877.1 1877.1 1877.1 1877.1 1877.1 1877.1 1877.1 

L.vdc.v2.tdc.offsets=
1879.2 1879.2 1879.2 1879.2 1879.2 1879.2 1879.2 1879.2 
1879.2 1879.2 1879.2 1879.2 1879.2 1879.2 1879.2 1879.2 
1877.2 1877.2 1877.2 1877.2 1877.2 1877.2 1877.2 1877.2 
1877.2 1877.2 1877.2 1877.2 1877.2 1877.2 1877.2 1877.2 
1875.9 1875.9 1875.9 1875.9 1875.9 1875.9 1875.9 1875.9 
1875.9 1875.9 1875.9 1875.9 1875.9 1875.9 1875.9 1875.9 
1876.7 1876.7 1876.7 1876.7 1876.7 1876.7 1876.7 1876.7 
1876.7 1876.7 1876.7 1876.7 1876.7 1876.7 1876.7 1876.7 
1878.1 1878.1 1878.1 1878.1 1878.1 1878.1 1878.1 1878.1 
1878.1 1878.1 1878.1 1878.1 1878.1 1878.1 1878.1 1878.1 
1878.3 1878.3 1878.3 1878.3 1878.3 1878.3 1878.3 1878.3 
1878.3 1878.3 1878.3 1878.3 1878.3 1878.3 1878.3 1878.3 
1886.6 1886.6 1886.6 1886.6 1886.6 1886.6 1886.6 1886.6 
1886.6 1886.6 1886.6 1886.6 1886.6 1886.6 1886.6 1886.6 
1881.8 1881.8 1881.8 1881.8 1881.8 1881.8 1881.8 1881.8 
1881.8 1881.8 1881.8 1881.8 1881.8 1881.8 1881.8 1881.8 
1875.5 1875.5 1875.5 1875.5 1875.5 1875.5 1875.5 1875.5 
1875.5 1875.5 1875.5 1875.5 1875.5 1875.5 1875.5 1875.5 
1877.1 1877.1 1877.1 1877.1 1877.1 1877.1 1877.1 1877.1 
1877.1 1877.1 1877.1 1877.1 1877.1 1877.1 1877.1 1877.1 
1878.1 1878.1 1878.1 1878.1 1878.1 1878.1 1878.1 1878.1 
1878.1 1878.1 1878.1 1878.1 1878.1 1878.1 1878.1 1878.1 
1876.4 1876.4 1876.4 1876.4 1876.4 1876.4 1876.4 1876.4 
1876.4 1876.4 1876.4 1876.4 1876.4 1876.4 1876.4 1876.4 
1880.7 1880.7 1880.7 1880.7 1880.7 1880.7 1880.7 1880.7 
1880.7 1880.7 1880.7 1880.7 1880.7 1880.7 1880.7 1880.7 
1879.1 1879.1 1879.1 1879.1 1879.1 1879.1 1879.1 1879.1 
1879.1 1879.1 1879.1 1879.1 1879.1 1879.1 1879.1 1879.1 
1880.2 1880.2 1880.2 1880.2 1880.2 1880.2 1880.2 1880.2 
1880.2 1880.2 1880.2 1880.2 1880.2 1880.2 1880.2 1880.2 
1880.3 1880.3 1880.3 1880.3 1880.3 1880.3 1880.3 1880.3 
1880.3 1880.3 1880.3 1880.3 1880.3 1880.3 1880.3 1880.3 
1880.6 1880.6 1880.6 1880.6 1880.6 1880.6 1880.6 1880.6 
1880.6 1880.6 1880.6 1880.6 1880.6 1880.6 1880.6 1880.6 
1879.7 1879.7 1879.7 1879.7 1879.7 1879.7 1879.7 1879.7 
1879.7 1879.7 1879.7 1879.7 1879.7 1879.7 1879.7 1879.7 
1888.5 1888.5 1888.5 1888.5 1888.5 1888.5 1888.5 1888.5 
1888.5 1888.5 1888.5 1888.5 1888.5 1888.5 1888.5 1888.5 
1882.6 1882.6 1882.6 1882.6 1882.6 1882.6 1882.6 1882.6 
1882.6 1882.6 1882.6 1882.6 1882.6 1882.6 1882.6 1882.6 
1886.2 1886.2 1886.2 1886.2 1886.2 1886.2 1886.2 1886.2 
1886.2 1886.2 1886.2 1886.2 1886.2 1886.2 1886.2 1886.2 
1885.5 1885.5 1885.5 1885.5 1885.5 1885.5 1885.5 1885.5 
1885.5 1885.5 1885.5 1885.5 1885.5 1885.5 1885.5 1885.5 
1879.5 1879.5 1879.5 1879.5 1879.5 1879.5 1879.5 1879.5 
1879.5 1879.5 1879.5 1879.5 1879.5 1879.5 1879.5 1879.5 

