[ R.vdc.u1 ]
TDC Offset Values
  1 2061.5   2 2061.5   3 2061.5   4 2061.5   5 2061.5   6 2061.5   7 2061.5   8 2061.5 
  9 2061.5  10 2061.5  11 2061.5  12 2061.5  13 2061.5  14 2061.5  15 2061.5  16 2061.5 
 17 2059.3  18 2059.3  19 2059.3  20 2059.3  21 2059.3  22 2059.3  23 2059.3  24 2059.3 
 25 2059.3  26 2059.3  27 2059.3  28 2059.3  29 2059.3  30 2059.3  31 2059.3  32 2059.3 
 33 2059.7  34 2059.7  35 2059.7  36 2059.7  37 2059.7  38 2059.7  39 2059.7  40 2059.7 
 41 2059.7  42 2059.7  43 2059.7  44 2059.7  45 2059.7  46 2059.7  47 2059.7  48 2059.7 
 49 2059.1  50 2059.1  51 2059.1  52 2059.1  53 2059.1  54 2059.1  55 2059.1  56 2059.1 
 57 2059.1  58 2059.1  59 2059.1  60 2059.1  61 2059.1  62 2059.1  63 2059.1  64 2059.1 
 65 2059.5  66 2059.5  67 2059.5  68 2059.5  69 2059.5  70 2059.5  71 2059.5  72 2059.5 
 73 2059.5  74 2059.5  75 2059.5  76 2059.5  77 2059.5  78 2059.5  79 2059.5  80 2059.5 
 81 2055.0  82 2055.0  83 2055.0  84 2055.0  85 2055.0  86 2055.0  87 2055.0  88 2055.0 
 89 2055.0  90 2055.0  91 2055.0  92 2055.0  93 2055.0  94 2055.0  95 2055.0  96 2055.0 
 97 2060.8  98 2060.8  99 2060.8 100 2060.8 101 2060.8 102 2060.8 103 2060.8 104 2060.8 
105 2060.8 106 2060.8 107 2060.8 108 2060.8 109 2060.8 110 2060.8 111 2060.8 112 2060.8 
113 2061.9 114 2061.9 115 2061.9 116 2061.9 117 2061.9 118 2061.9 119 2061.9 120 2061.9 
121 2061.9 122 2061.9 123 2061.9 124 2061.9 125 2061.9 126 2061.9 127 2061.9 128 2061.9 
129 2064.0 130 2064.0 131 2064.0 132 2064.0 133 2064.0 134 2064.0 135 2064.0 136 2064.0 
137 2064.0 138 2064.0 139 2064.0 140 2064.0 141 2064.0 142 2064.0 143 2064.0 144 2064.0 
145 2061.9 146 2061.9 147 2061.9 148 2061.9 149 2061.9 150 2061.9 151 2061.9 152 2061.9 
153 2061.9 154 2061.9 155 2061.9 156 2061.9 157 2061.9 158 2061.9 159 2061.9 160 2061.9 
161 2063.3 162 2063.3 163 2063.3 164 2063.3 165 2063.3 166 2063.3 167 2063.3 168 2063.3 
169 2063.3 170 2063.3 171 2063.3 172 2063.3 173 2063.3 174 2063.3 175 2063.3 176 2063.3 
177 2062.9 178 2062.9 179 2062.9 180 2062.9 181 2062.9 182 2062.9 183 2062.9 184 2062.9 
185 2062.9 186 2062.9 187 2062.9 188 2062.9 189 2062.9 190 2062.9 191 2062.9 192 2062.9 
193 2065.8 194 2065.8 195 2065.8 196 2065.8 197 2065.8 198 2065.8 199 2065.8 200 2065.8 
201 2065.8 202 2065.8 203 2065.8 204 2065.8 205 2065.8 206 2065.8 207 2065.8 208 2065.8 
209 2062.8 210 2062.8 211 2062.8 212 2062.8 213 2062.8 214 2062.8 215 2062.8 216 2062.8 
217 2062.8 218 2062.8 219 2062.8 220 2062.8 221 2062.8 222 2062.8 223 2062.8 224 2062.8 
225 2064.7 226 2064.7 227 2064.7 228 2064.7 229 2064.7 230 2064.7 231 2064.7 232 2064.7 
233 2064.7 234 2064.7 235 2064.7 236 2064.7 237 2064.7 238 2064.7 239 2064.7 240 2064.7 
241 2063.6 242 2063.6 243 2063.6 244 2063.6 245 2063.6 246 2063.6 247 2063.6 248 2063.6 
249 2063.6 250 2063.6 251 2063.6 252 2063.6 253 2063.6 254 2063.6 255 2063.6 256 2063.6 
257 2066.2 258 2066.2 259 2066.2 260 2066.2 261 2066.2 262 2066.2 263 2066.2 264 2066.2 
265 2066.2 266 2066.2 267 2066.2 268 2066.2 269 2066.2 270 2066.2 271 2066.2 272 2066.2 
273 2064.0 274 2064.0 275 2064.0 276 2064.0 277 2064.0 278 2064.0 279 2064.0 280 2064.0 
281 2064.0 282 2064.0 283 2064.0 284 2064.0 285 2064.0 286 2064.0 287 2064.0 288 2064.0 
289 2068.4 290 2068.4 291 2068.4 292 2068.4 293 2068.4 294 2068.4 295 2068.4 296 2068.4 
297 2068.4 298 2068.4 299 2068.4 300 2068.4 301 2068.4 302 2068.4 303 2068.4 304 2068.4 
305 2067.0 306 2067.0 307 2067.0 308 2067.0 309 2067.0 310 2067.0 311 2067.0 312 2067.0 
313 2067.0 314 2067.0 315 2067.0 316 2067.0 317 2067.0 318 2067.0 319 2067.0 320 2067.0 
321 2067.4 322 2067.4 323 2067.4 324 2067.4 325 2067.4 326 2067.4 327 2067.4 328 2067.4 
329 2067.4 330 2067.4 331 2067.4 332 2067.4 333 2067.4 334 2067.4 335 2067.4 336 2067.4 
337 2069.8 338 2069.8 339 2069.8 340 2069.8 341 2069.8 342 2069.8 343 2069.8 344 2069.8 
345 2069.8 346 2069.8 347 2069.8 348 2069.8 349 2069.8 350 2069.8 351 2069.8 352 2069.8 
353 2066.5 354 2066.5 355 2066.5 356 2066.5 357 2066.5 358 2066.5 359 2066.5 360 2066.5 
361 2066.5 362 2066.5 363 2066.5 364 2066.5 365 2066.5 366 2066.5 367 2066.5 368 2066.5 

[ R.vdc.v1 ]
TDC Offset Values
  1 2066.6   2 2066.6   3 2066.6   4 2066.6   5 2066.6   6 2066.6   7 2066.6   8 2066.6 
  9 2066.6  10 2066.6  11 2066.6  12 2066.6  13 2066.6  14 2066.6  15 2066.6  16 2066.6 
 17 2066.9  18 2066.9  19 2066.9  20 2066.9  21 2066.9  22 2066.9  23 2066.9  24 2066.9 
 25 2066.9  26 2066.9  27 2066.9  28 2066.9  29 2066.9  30 2066.9  31 2066.9  32 2066.9 
 33 2067.9  34 2067.9  35 2067.9  36 2067.9  37 2067.9  38 2067.9  39 2067.9  40 2067.9 
 41 2067.9  42 2067.9  43 2067.9  44 2067.9  45 2067.9  46 2067.9  47 2067.9  48 2067.9 
 49 2065.5  50 2065.5  51 2065.5  52 2065.5  53 2065.5  54 2065.5  55 2065.5  56 2065.5 
 57 2065.5  58 2065.5  59 2065.5  60 2065.5  61 2065.5  62 2065.5  63 2065.5  64 2065.5 
 65 2065.4  66 2065.4  67 2065.4  68 2065.4  69 2065.4  70 2065.4  71 2065.4  72 2065.4 
 73 2065.4  74 2065.4  75 2065.4  76 2065.4  77 2065.4  78 2065.4  79 2065.4  80 2065.4 
 81 2064.4  82 2064.4  83 2064.4  84 2064.4  85 2064.4  86 2064.4  87 2064.4  88 2064.4 
 89 2064.4  90 2064.4  91 2064.4  92 2064.4  93 2064.4  94 2064.4  95 2064.4  96 2064.4 
 97 2066.6  98 2066.6  99 2066.6 100 2066.6 101 2066.6 102 2066.6 103 2066.6 104 2066.6 
105 2066.6 106 2066.6 107 2066.6 108 2066.6 109 2066.6 110 2066.6 111 2066.6 112 2066.6 
113 2066.7 114 2066.7 115 2066.7 116 2066.7 117 2066.7 118 2066.7 119 2066.7 120 2066.7 
121 2066.7 122 2066.7 123 2066.7 124 2066.7 125 2066.7 126 2066.7 127 2066.7 128 2066.7 
129 2066.4 130 2066.4 131 2066.4 132 2066.4 133 2066.4 134 2066.4 135 2066.4 136 2066.4 
137 2066.4 138 2066.4 139 2066.4 140 2066.4 141 2066.4 142 2066.4 143 2066.4 144 2066.4 
145 2065.9 146 2065.9 147 2065.9 148 2065.9 149 2065.9 150 2065.9 151 2065.9 152 2065.9 
153 2065.9 154 2065.9 155 2065.9 156 2065.9 157 2065.9 158 2065.9 159 2065.9 160 2065.9 
161 2067.0 162 2067.0 163 2067.0 164 2067.0 165 2067.0 166 2067.0 167 2067.0 168 2067.0 
169 2067.0 170 2067.0 171 2067.0 172 2067.0 173 2067.0 174 2067.0 175 2067.0 176 2067.0 
177 2066.6 178 2066.6 179 2066.6 180 2066.6 181 2066.6 182 2066.6 183 2066.6 184 2066.6 
185 2066.6 186 2066.6 187 2066.6 188 2066.6 189 2066.6 190 2066.6 191 2066.6 192 2066.6 
193 2070.0 194 2070.0 195 2070.0 196 2070.0 197 2070.0 198 2070.0 199 2070.0 200 2070.0 
201 2070.0 202 2070.0 203 2070.0 204 2070.0 205 2070.0 206 2070.0 207 2070.0 208 2070.0 
209 2067.7 210 2067.7 211 2067.7 212 2067.7 213 2067.7 214 2067.7 215 2067.7 216 2067.7 
217 2067.7 218 2067.7 219 2067.7 220 2067.7 221 2067.7 222 2067.7 223 2067.7 224 2067.7 
225 2066.9 226 2066.9 227 2066.9 228 2066.9 229 2066.9 230 2066.9 231 2066.9 232 2066.9 
233 2066.9 234 2066.9 235 2066.9 236 2066.9 237 2066.9 238 2066.9 239 2066.9 240 2066.9 
241 2066.1 242 2066.1 243 2066.1 244 2066.1 245 2066.1 246 2066.1 247 2066.1 248 2066.1 
249 2066.1 250 2066.1 251 2066.1 252 2066.1 253 2066.1 254 2066.1 255 2066.1 256 2066.1 
257 2067.2 258 2067.2 259 2067.2 260 2067.2 261 2067.2 262 2067.2 263 2067.2 264 2067.2 
265 2067.2 266 2067.2 267 2067.2 268 2067.2 269 2067.2 270 2067.2 271 2067.2 272 2067.2 
273 2065.7 274 2065.7 275 2065.7 276 2065.7 277 2065.7 278 2065.7 279 2065.7 280 2065.7 
281 2065.7 282 2065.7 283 2065.7 284 2065.7 285 2065.7 286 2065.7 287 2065.7 288 2065.7 
289 2069.9 290 2069.9 291 2069.9 292 2069.9 293 2069.9 294 2069.9 295 2069.9 296 2069.9 
297 2069.9 298 2069.9 299 2069.9 300 2069.9 301 2069.9 302 2069.9 303 2069.9 304 2069.9 
305 2067.6 306 2067.6 307 2067.6 308 2067.6 309 2067.6 310 2067.6 311 2067.6 312 2067.6 
313 2067.6 314 2067.6 315 2067.6 316 2067.6 317 2067.6 318 2067.6 319 2067.6 320 2067.6 
321 2070.3 322 2070.3 323 2070.3 324 2070.3 325 2070.3 326 2070.3 327 2070.3 328 2070.3 
329 2070.3 330 2070.3 331 2070.3 332 2070.3 333 2070.3 334 2070.3 335 2070.3 336 2070.3 
337 2068.1 338 2068.1 339 2068.1 340 2068.1 341 2068.1 342 2068.1 343 2068.1 344 2068.1 
345 2068.1 346 2068.1 347 2068.1 348 2068.1 349 2068.1 350 2068.1 351 2068.1 352 2068.1 
353    0.0 354    0.0 355    0.0 356    0.0 357    0.0 358    0.0 359    0.0 360    0.0 
361    0.0 362    0.0 363    0.0 364    0.0 365    0.0 366    0.0 367    0.0 368    0.0 

[ R.vdc.u2 ]
TDC Offset Values
  1 2052.8   2 2052.8   3 2052.8   4 2052.8   5 2052.8   6 2052.8   7 2052.8   8 2052.8 
  9 2052.8  10 2052.8  11 2052.8  12 2052.8  13 2052.8  14 2052.8  15 2052.8  16 2052.8 
 17 2051.0  18 2051.0  19 2051.0  20 2051.0  21 2051.0  22 2051.0  23 2051.0  24 2051.0 
 25 2051.0  26 2051.0  27 2051.0  28 2051.0  29 2051.0  30 2051.0  31 2051.0  32 2051.0 
 33 2051.4  34 2051.4  35 2051.4  36 2051.4  37 2051.4  38 2051.4  39 2051.4  40 2051.4 
 41 2051.4  42 2051.4  43 2051.4  44 2051.4  45 2051.4  46 2051.4  47 2051.4  48 2051.4 
 49 2049.1  50 2049.1  51 2049.1  52 2049.1  53 2049.1  54 2049.1  55 2049.1  56 2049.1 
 57 2049.1  58 2049.1  59 2049.1  60 2049.1  61 2049.1  62 2049.1  63 2049.1  64 2049.1 
 65 2049.1  66 2049.1  67 2049.1  68 2049.1  69 2049.1  70 2049.1  71 2049.1  72 2049.1 
 73 2049.1  74 2049.1  75 2049.1  76 2049.1  77 2049.1  78 2049.1  79 2049.1  80 2049.1 
 81 2049.0  82 2049.0  83 2049.0  84 2049.0  85 2049.0  86 2049.0  87 2049.0  88 2049.0 
 89 2049.0  90 2049.0  91 2049.0  92 2049.0  93 2049.0  94 2049.0  95 2049.0  96 2049.0 
 97 2055.3  98 2055.3  99 2055.3 100 2055.3 101 2055.3 102 2055.3 103 2055.3 104 2055.3 
105 2055.3 106 2055.3 107 2055.3 108 2055.3 109 2055.3 110 2055.3 111 2055.3 112 2055.3 
113 2054.4 114 2054.4 115 2054.4 116 2054.4 117 2054.4 118 2054.4 119 2054.4 120 2054.4 
121 2054.4 122 2054.4 123 2054.4 124 2054.4 125 2054.4 126 2054.4 127 2054.4 128 2054.4 
129 2054.9 130 2054.9 131 2054.9 132 2054.9 133 2054.9 134 2054.9 135 2054.9 136 2054.9 
137 2054.9 138 2054.9 139 2054.9 140 2054.9 141 2054.9 142 2054.9 143 2054.9 144 2054.9 
145 2055.3 146 2055.3 147 2055.3 148 2055.3 149 2055.3 150 2055.3 151 2055.3 152 2055.3 
153 2055.3 154 2055.3 155 2055.3 156 2055.3 157 2055.3 158 2055.3 159 2055.3 160 2055.3 
161 2055.1 162 2055.1 163 2055.1 164 2055.1 165 2055.1 166 2055.1 167 2055.1 168 2055.1 
169 2055.1 170 2055.1 171 2055.1 172 2055.1 173 2055.1 174 2055.1 175 2055.1 176 2055.1 
177 2054.7 178 2054.7 179 2054.7 180 2054.7 181 2054.7 182 2054.7 183 2054.7 184 2054.7 
185 2054.7 186 2054.7 187 2054.7 188 2054.7 189 2054.7 190 2054.7 191 2054.7 192 2054.7 
193 2056.3 194 2056.3 195 2056.3 196 2056.3 197 2056.3 198 2056.3 199 2056.3 200 2056.3 
201 2056.3 202 2056.3 203 2056.3 204 2056.3 205 2056.3 206 2056.3 207 2056.3 208 2056.3 
209 2055.0 210 2055.0 211 2055.0 212 2055.0 213 2055.0 214 2055.0 215 2055.0 216 2055.0 
217 2055.0 218 2055.0 219 2055.0 220 2055.0 221 2055.0 222 2055.0 223 2055.0 224 2055.0 
225 2057.2 226 2057.2 227 2057.2 228 2057.2 229 2057.2 230 2057.2 231 2057.2 232 2057.2 
233 2057.2 234 2057.2 235 2057.2 236 2057.2 237 2057.2 238 2057.2 239 2057.2 240 2057.2 
241 2054.2 242 2054.2 243 2054.2 244 2054.2 245 2054.2 246 2054.2 247 2054.2 248 2054.2 
249 2054.2 250 2054.2 251 2054.2 252 2054.2 253 2054.2 254 2054.2 255 2054.2 256 2054.2 
257 2057.0 258 2057.0 259 2057.0 260 2057.0 261 2057.0 262 2057.0 263 2057.0 264 2057.0 
265 2057.0 266 2057.0 267 2057.0 268 2057.0 269 2057.0 270 2057.0 271 2057.0 272 2057.0 
273 2058.2 274 2058.2 275 2058.2 276 2058.2 277 2058.2 278 2058.2 279 2058.2 280 2058.2 
281 2058.2 282 2058.2 283 2058.2 284 2058.2 285 2058.2 286 2058.2 287 2058.2 288 2058.2 
289 2061.5 290 2061.5 291 2061.5 292 2061.5 293 2061.5 294 2061.5 295 2061.5 296 2061.5 
297 2061.5 298 2061.5 299 2061.5 300 2061.5 301 2061.5 302 2061.5 303 2061.5 304 2061.5 
305 2062.0 306 2062.0 307 2062.0 308 2062.0 309 2062.0 310 2062.0 311 2062.0 312 2062.0 
313 2062.0 314 2062.0 315 2062.0 316 2062.0 317 2062.0 318 2062.0 319 2062.0 320 2062.0 
321 2061.8 322 2061.8 323 2061.8 324 2061.8 325 2061.8 326 2061.8 327 2061.8 328 2061.8 
329 2061.8 330 2061.8 331 2061.8 332 2061.8 333 2061.8 334 2061.8 335 2061.8 336 2061.8 
337 2062.2 338 2062.2 339 2062.2 340 2062.2 341 2062.2 342 2062.2 343 2062.2 344 2062.2 
345 2062.2 346 2062.2 347 2062.2 348 2062.2 349 2062.2 350 2062.2 351 2062.2 352 2062.2 
353 2059.7 354 2059.7 355 2059.7 356 2059.7 357 2059.7 358 2059.7 359 2059.7 360 2059.7 
361 2059.7 362 2059.7 363 2059.7 364 2059.7 365 2059.7 366 2059.7 367 2059.7 368 2059.7 

[ R.vdc.v2 ]
TDC Offset Values
  1 2068.1   2 2068.1   3 2068.1   4 2068.1   5 2068.1   6 2068.1   7 2068.1   8 2068.1 
  9 2068.1  10 2068.1  11 2068.1  12 2068.1  13 2068.1  14 2068.1  15 2068.1  16 2068.1 
 17 2064.3  18 2064.3  19 2064.3  20 2064.3  21 2064.3  22 2064.3  23 2064.3  24 2064.3 
 25 2064.3  26 2064.3  27 2064.3  28 2064.3  29 2064.3  30 2064.3  31 2064.3  32 2064.3 
 33 2065.6  34 2065.6  35 2065.6  36 2065.6  37 2065.6  38 2065.6  39 2065.6  40 2065.6 
 41 2065.6  42 2065.6  43 2065.6  44 2065.6  45 2065.6  46 2065.6  47 2065.6  48 2065.6 
 49 2062.7  50 2062.7  51 2062.7  52 2062.7  53 2062.7  54 2062.7  55 2062.7  56 2062.7 
 57 2062.7  58 2062.7  59 2062.7  60 2062.7  61 2062.7  62 2062.7  63 2062.7  64 2062.7 
 65 2062.9  66 2062.9  67 2062.9  68 2062.9  69 2062.9  70 2062.9  71 2062.9  72 2062.9 
 73 2062.9  74 2062.9  75 2062.9  76 2062.9  77 2062.9  78 2062.9  79 2062.9  80 2062.9 
 81 2061.0  82 2061.0  83 2061.0  84 2061.0  85 2061.0  86 2061.0  87 2061.0  88 2061.0 
 89 2061.0  90 2061.0  91 2061.0  92 2061.0  93 2061.0  94 2061.0  95 2061.0  96 2061.0 
 97 2065.4  98 2065.4  99 2065.4 100 2065.4 101 2065.4 102 2065.4 103 2065.4 104 2065.4 
105 2065.4 106 2065.4 107 2065.4 108 2065.4 109 2065.4 110 2065.4 111 2065.4 112 2065.4 
113 2060.6 114 2060.6 115 2060.6 116 2060.6 117 2060.6 118 2060.6 119 2060.6 120 2060.6 
121 2060.6 122 2060.6 123 2060.6 124 2060.6 125 2060.6 126 2060.6 127 2060.6 128 2060.6 
129 2061.0 130 2061.0 131 2061.0 132 2061.0 133 2061.0 134 2061.0 135 2061.0 136 2061.0 
137 2061.0 138 2061.0 139 2061.0 140 2061.0 141 2061.0 142 2061.0 143 2061.0 144 2061.0 
145 2063.5 146 2063.5 147 2063.5 148 2063.5 149 2063.5 150 2063.5 151 2063.5 152 2063.5 
153 2063.5 154 2063.5 155 2063.5 156 2063.5 157 2063.5 158 2063.5 159 2063.5 160 2063.5 
161 2062.6 162 2062.6 163 2062.6 164 2062.6 165 2062.6 166 2062.6 167 2062.6 168 2062.6 
169 2062.6 170 2062.6 171 2062.6 172 2062.6 173 2062.6 174 2062.6 175 2062.6 176 2062.6 
177 2061.0 178 2061.0 179 2061.0 180 2061.0 181 2061.0 182 2061.0 183 2061.0 184 2061.0 
185 2061.0 186 2061.0 187 2061.0 188 2061.0 189 2061.0 190 2061.0 191 2061.0 192 2061.0 
193 2065.8 194 2065.8 195 2065.8 196 2065.8 197 2065.8 198 2065.8 199 2065.8 200 2065.8 
201 2065.8 202 2065.8 203 2065.8 204 2065.8 205 2065.8 206 2065.8 207 2065.8 208 2065.8 
209 2063.2 210 2063.2 211 2063.2 212 2063.2 213 2063.2 214 2063.2 215 2063.2 216 2063.2 
217 2063.2 218 2063.2 219 2063.2 220 2063.2 221 2063.2 222 2063.2 223 2063.2 224 2063.2 
225 2066.4 226 2066.4 227 2066.4 228 2066.4 229 2066.4 230 2066.4 231 2066.4 232 2066.4 
233 2066.4 234 2066.4 235 2066.4 236 2066.4 237 2066.4 238 2066.4 239 2066.4 240 2066.4 
241 2063.2 242 2063.2 243 2063.2 244 2063.2 245 2063.2 246 2063.2 247 2063.2 248 2063.2 
249 2063.2 250 2063.2 251 2063.2 252 2063.2 253 2063.2 254 2063.2 255 2063.2 256 2063.2 
257 2063.7 258 2063.7 259 2063.7 260 2063.7 261 2063.7 262 2063.7 263 2063.7 264 2063.7 
265 2063.7 266 2063.7 267 2063.7 268 2063.7 269 2063.7 270 2063.7 271 2063.7 272 2063.7 
273 2063.4 274 2063.4 275 2063.4 276 2063.4 277 2063.4 278 2063.4 279 2063.4 280 2063.4 
281 2063.4 282 2063.4 283 2063.4 284 2063.4 285 2063.4 286 2063.4 287 2063.4 288 2063.4 
289 2070.1 290 2070.1 291 2070.1 292 2070.1 293 2070.1 294 2070.1 295 2070.1 296 2070.1 
297 2070.1 298 2070.1 299 2070.1 300 2070.1 301 2070.1 302 2070.1 303 2070.1 304 2070.1 
305 2067.5 306 2067.5 307 2067.5 308 2067.5 309 2067.5 310 2067.5 311 2067.5 312 2067.5 
313 2067.5 314 2067.5 315 2067.5 316 2067.5 317 2067.5 318 2067.5 319 2067.5 320 2067.5 
321 2065.3 322 2065.3 323 2065.3 324 2065.3 325 2065.3 326 2065.3 327 2065.3 328 2065.3 
329 2065.3 330 2065.3 331 2065.3 332 2065.3 333 2065.3 334 2065.3 335 2065.3 336 2065.3 
337 2064.5 338 2064.5 339 2064.5 340 2064.5 341 2064.5 342 2064.5 343 2064.5 344 2064.5 
345 2064.5 346 2064.5 347 2064.5 348 2064.5 349 2064.5 350 2064.5 351 2064.5 352 2064.5 
353 2066.1 354 2066.1 355 2066.1 356 2066.1 357 2066.1 358 2066.1 359 2066.1 360 2066.1 
361 2066.1 362 2066.1 363 2066.1 364 2066.1 365 2066.1 366 2066.1 367 2066.1 368 2066.1 

